97130632
13267947
42209822
10998835
68829907
714
68489118
22803888
74795488
15247171
11587657
62166915
78392041
20145996
131599
369111
48872998
20525370
75130626
7043297
35778371
101816
168301
50398876
990767
69802930
22727114
101753
89321978
1173648
131856
1219785
124545
47410251
44255157
19699320
632767
311580
6375438
718298
1368952
844343
688044
2536303
36706276
88983487
1798101
60148
75371
18014039
8182846
82718618
5932804
7243783
1055245
1365692
56614642
31734358
106709944
7735145
63286
2647236
476346
26391003
7755101
74747193
26458780
11229748
5954806
96200
56650223
7258858
411447
12898828
178444
2071575
63433
248143
34083928
