10039785
10075099
100848
101514
101753
101816
1019641
10198051
10206665
10212424
10246891
10344742
10352507
10400299
10420834
104317939
104795
104896700
10492681
105114
105428155
1055245
1058151
1058504
106456302
106709944
1069318
107261
1078000
10908649
109141
10998835
11006031
1104419
11050617
110625
11077553
1108325
111183546
11135
1118815
1118859
11199213
112294217
11229748
114159
1148549
115218
115308
11532355
1153271
1155801
11572618
11587657
116184
11632726
11665236
1173648
11740700
1174810
1178864
118035
1200507
121178
1215331
12160
1217680
1217934
1219785
1221984
12239057
122502655
1226384
1229027
123550
1239097
1239929
124475
124545
12465195
125174
1252547
12560461
12595971
12615679
126339
12857160
12858105
12877905
1288216
12898828
12923
1295100
1297598
1298344
12984845
130508846
130903
1311192
1312006
1313624
1313787
1315818
131599
131856
131929
13225611
13267947
13279982
132835
13287984
1329940
1330683
13316262
13324165
1334474
13348378
133602
13426784
13485450
134872
135230
13547699
1358764
1365692
1366419
13689192
1368952
13721712
137805
137852
1379411
1391883
14034137
140542
14054505
140937
140964
141248
1432730
1436960
14372987
1447245
1448923
1449319
14790226
14792994
1479555
148037
14816024
1482768
1486805
14929991
150680976
15069839
15217907
1523104
15247171
1529052
15304894
15312184
153175
153538
15369874
1538622
1544760
1552267
156239
15657735
15693688
15697697
1570964
157330
1575834
1576660
15833376
15855440
158999
15967073
15986681
160084
16027994
16036882
1607770
16151097
1618343
1633361
1634990
164148
16415673
164197
1643293
16507
1651325
16693043
167209
16734772
167708
16779
167881
16829510
168301
16844216
168610
17154507
17183803
1719781
17208985
17243347
1729331
1729497
173595
17628961
1771332
1778670
17829319
178444
1785925
1792886
1798101
18014039
1809198
183879
18423154
18430320
18437312
18467667
1847524
18535642
1858154
18599032
1866448
186660
188063
1882000
1883533
1891350
1903556
19036
1904165
1915507
1918
192147
1926905
19290397
19290901
19400064
1962985
1965950
19699320
19894025
20080233
20145996
20208
2023546
202398
202798
20400405
20434
20448408
20464732
20525370
20619776
2071575
2071583
2072185
207369
2075353
20760920
208010
20849728
20933385
21069876
21160136
21236836
2129135
2130305
2147649
214787
2157287
2162021
2164118
2171995
217543
2179419
2187906
2189609
219362
2195834
220084
22075344
22211000
222664
2255192
22586596
225893
226650
226872
22727114
22758444
22803888
22817873
228931
23038812
230613
2310568
2313201
231483
2318843
23264966
23431373
2374245
2379774
238528
24027
2422454
24254289
24417923
244239
24496705
24505474
245573
24614168
246745
248016
248143
24882790
24990891
25083790
25088352
25173827
252042
2526260
25263210
25278
2536303
2545850
2548365
25505957
2564003
25647735
2570854
2588851
2590830
25930627
25955146
2597803
25993494
2612464
26322692
26458780
26470037
26471
2647236
2647566
264788
265084
26622971
2663216
26877687
27223336
27620522
27668
2768870
28076058
2817565
28323
28582702
28888242
28959268
28980797
29044
2914269
29145250
29158971
29217594
29505620
29521461
29592775
2960312
298109
29818440
298705
2998834
303489
303897
3044438
30512529
30531572
3077118
30902201
3098430
311580
31200881
31388299
313929
314564
3153638
3154475
3159881
31693262
31919558
3192959
319411
32152
3248
327028
327488
3287933
329349
33058747
3314323
332418
33242106
33374965
333807
3343403
33522919
3359345
3395477
3400690
34083928
3413119
34152449
3416
341954
3425311
3471749
34766150
348013
34864484
34899572
3490861
34962634
34967
351108
353885
354741
35628088
35778371
3579600
35892750
3598562
3598650
36110478
361496
36407913
36605164
3661115
36706276
367259
36899624
369111
36977733
37017396
37078297
3714501
372912
37715
37907
3799330
3802620
3806110
3811900
382041
3856390
386765
3880346
39096810
391919
3948275
39650930
398575
3987560
399312
399535
40234257
40620903
40663462
40775676
40807862
410028
41129
411324
411447
417981
41838844
41924494
41977
42114389
42176
42201
42209822
42215704
42220376
422412
42246742
4246921
427866
428026
428074
42888162
42933
4294434
4323933
43275254
434254
43472218
43863
44045911
44064051
4423262
44255157
44469426
4458
44636701
44725111
448169
44864956
450276
450885
45737139
45740526
4587373
46138807
461970
4641445
46464602
46527539
46590321
4679721
4710
4732807
47410251
47480384
476346
4804
486199
48666
487050
48802534
48872998
4929861
49398
494012
4951663
496447
4971975
49727155
498465
49961859
49963580
50095635
50398876
50560955
506953
50854
5104601
51334444
5149377
5185341
5190539
5228892
52411861
52847440
529626
53050011
5307138
53131727
5317234
53281855
53291983
53710398
537775
542154
543423
54573
546087
546681
54669781
54799
54934
55066419
5525217
5526
55607356
561087
5623227
5624721
563054
5636
56614642
5663576
56650223
5682183
569510
57222371
5727578
57304299
576355
58110325
5837359
585547
5861043
587021
58951
59060
59103226
591567
5920602
59375051
5954806
59917878
60148
6025220
6047658
605070
6074754
60861925
610962
6127678
61303
61635709
61651268
61860346
62166915
621759
6224096
6232980
6235312
62380378
62384384
6270544
628342
628359
628387
6298052
631802
632767
63286
63433
6375438
6375609
638836
641278
64430288
6453661
6455574
647076
64804
6499211
65275785
65531
65870
6599296
661909
662666
6639323
6652840
66664
668505
6689924
67574902
67663538
6806011
68368
68489118
68606322
68757440
688044
68829907
689294
691290
691552
692274
6931743
695473
69802930
7003738
7038383
7040031
7043297
705123
7075751
71049646
714
71795
718298
71978
722550
7226587
724339
7243783
7258858
7261570
73002165
7301807
7343721
7346933
73759599
7377393
737767
7413633
743057
7442383
7444430
74491719
74747193
74795488
75130626
75213
75371
7537109
754333
7545665
7571069
757752
7589338
761151
7645711
7646859
7669898
76716
76763323
7698349
771193
772914
7735145
7755101
781077
7820865
782440
7833358
78392041
7845120
787843
791309
79252025
798147
799353
80165193
806876
8073
807447
8117202
81317317
81340136
816465
81654
817330
81826728
8182846
8219659
8224569
82603435
82953136
831
8378365
83842
83867734
8402811
844343
8460
848000
848609
852504
852967
854319
857308
8577941
85857
858790
86075850
8614547
86169957
8639179
86538850
867424
8706
870673
87115
88247690
886074
88983487
890062
89186
89321978
894884
895853
89596
896182
89950
901583
902012
903072
90456
907478
91113
9132420
91517496
918365
92071952
9315
934284
938744
93990818
94313
9433472
9519
95194
95471
9590981
96200
96225281
963511
9675338
97130632
9713184
9720532
973709
9742635
97523625
97746
97820
9799623
9853194
9866621
990767
9915675
998763
